Time,Flow1,Flow2
1615780813.137209,0.0
1615780813.140202,0.0
1615780813.1431246,-0.0
1615780813.1451492,0.0
1615780813.1482556,-0.0
1615780813.1511884,-0.0
1615780813.1537895,0.0
1615780813.1567812,-0.0
1615780813.1587996,-0.0
1615780813.1617923,0.0
1615780813.1648054,0.0
1615780813.1660063,-0.0
1615780813.170337,0.0
1615780813.1723554,-0.0
1615780813.1753497,0.0
1615780813.1785705,-0.0
1615780813.1805644,0.0
1615780813.183939,-0.0
1615780813.1859343,-0.0
1615780813.1889262,0.0
1615780813.1919186,-0.0
1615780813.194469,-0.0
1615780813.1974387,-0.0
1615780813.1994789,-0.0
1615780813.2025757,0.0
1615780813.205567,-0.0
1615780813.2085586,0.0
1615780813.2110834,-0.0
1615780813.214075,0.0
1615780813.216097,-0.0
1615780813.2192717,-0.0
1615780813.222262,-0.0
1615780813.2242806,0.0
1615780813.2272415,-0.0
1615780813.2282934,-0.0
1615780813.2282934,-0.0
1615780813.2358098,-0.0
1615780813.2378047,-0.0
1615780813.2407959,-0.0
1615780813.2433388,-0.0
1615780813.2463012,0.0
1615780813.2494557,-0.0
1615780813.2524476,0.0
1615780813.2544425,-0.0
1615780813.2574341,-0.0
1615780813.2604263,-0.0
1615780813.2624488,-0.0
1615780813.2655156,-0.0
1615780813.268173,0.0
1615780813.2711642,-0.0
1615780813.2731912,-0.0
1615780813.276151,0.0
1615780813.2791433,-0.0
1615780813.2821345,-0.0
1615780813.2848542,-0.1
1615780813.2868497,-0.0
1615780813.2898405,-0.0
1615780813.2925434,0.0
1615780813.295577,-0.0
1615780813.2980464,-0.0
1615780813.3005772,0.0
1615780813.3035989,-0.0
1615780813.3065886,-0.0
1615780813.3085837,-0.0
1615780813.3115776,0.0
1615780813.3145812,0.0
1615780813.3177135,-0.0
1615780813.3197365,-0.0
1615780813.3227277,0.0
1615780813.3257222,-0.0
1615780813.3276854,0.0
1615780813.3307083,-0.0
1615780813.3328772,0.0
1615780813.3360353,-0.0
1615780813.3390002,-0.0
1615780813.3419912,-0.0
1615780813.3440309,-0.0
1615780813.3470254,-0.0
1615780813.3492181,-0.0
1615780813.3525715,-0.0
1615780813.355563,-0.0
1615780813.3585546,-0.0
1615780813.360577,-0.0
1615780813.3635416,-0.0
1615780813.3655865,-0.0
1615780813.3694289,-0.0
1615780813.3714235,-0.0
1615780813.3744164,-0.0
1615780813.3774142,0.0
1615780813.379403,-0.0
1615780813.3823948,-0.0
1615780813.3853874,0.0
1615780813.3883772,0.0
1615780813.3903997,-0.0
1615780813.3936977,0.0
1615780813.3957257,-0.0
1615780813.3989918,-0.0
1615780813.401675,0.0
1615780813.4046664,-0.0
1615780813.4066916,-0.0
1615780813.4096534,-0.0
1615780813.412658,0.0
1615780813.4156377,-0.0
1615780813.418273,0.0
1615780813.4207418,-0.0
1615780813.4237351,0.0
1615780813.4257298,0.0
1615780813.4289117,0.0
1615780813.4319024,0.0
1615780813.4339423,-0.0
1615780813.436932,-0.0
1615780813.439925,-0.0
1615780813.4429157,0.0
1615780813.4449203,-0.0
1615780813.447903,0.0
1615780813.4504352,-0.0
1615780813.4534278,0.0
1615780813.4564188,-0.0
1615780813.4584434,0.0
1615780813.4612565,-0.0
1615780813.4642994,0.0
1615780813.467256,-0.0
1615780813.4692497,-0.0
1615780813.4722698,-0.0
1615780813.4752338,-0.0
1615780813.4782324,0.0
1615780813.4812243,-0.0
1615780813.4835265,-0.0
1615780813.4865196,0.0
1615780813.488514,0.0
1615780813.491506,0.0
1615780813.4944983,-0.0
1615780813.4964933,-0.0
1615780813.500275,0.0
1615780813.502262,-0.0
1615780813.5052545,-0.0
1615780813.5082455,-0.0
1615780813.5102644,-0.0
1615780813.5132341,-0.0
1615780813.516226,-0.0
1615780813.51822,0.0
1615780813.5212111,-0.0
1615780813.5242174,0.0
1615780813.5271983,-0.0
1615780813.5301876,-0.0
1615780813.5321822,-0.0
1615780813.5351748,-0.0
1615780813.5381656,-0.0
1615780813.5401857,0.0
1615780813.54318,0.0
1615780813.546145,0.0
1615780813.5491369,-0.0
1615780813.5511365,0.0
1615780813.5541234,-0.0
1615780813.5571153,-0.0
1615780813.5591424,-0.0
1615780813.5621037,-0.0
1615780813.565095,0.0
1615780813.568088,0.0
1615780813.5700831,-0.0
1615780813.5730746,0.0
1615780813.576069,-0.0
1615780813.5790575,-0.0
1615780813.5810795,-0.0
1615780813.5837622,-0.0
1615780813.5867696,0.0
1615780813.5897536,-0.0
1615780813.5927365,-0.0
1615780813.5949185,-0.0
1615780813.5979123,0.0
1615780813.6005206,0.0
1615780813.6035132,0.0
1615780813.6055071,-0.0
1615780813.608498,-0.0
1615780813.6114895,-0.0
1615780813.6144822,0.0
1615780813.617086,0.0
1615780813.620078,0.0
1615780813.622072,-0.0
1615780813.6250644,0.0
1615780813.6280563,-0.0
1615780813.6300514,0.0
1615780813.6330924,0.0
1615780813.635856,-0.0
1615780813.6388478,0.0
1615780813.6408424,-0.0
1615780813.6438348,0.0
1615780813.6468272,-0.0
1615780813.648939,0.0
1615780813.6525497,-0.0
1615780813.654544,-0.0
1615780813.6575341,-0.0
1615780813.660526,-0.0
1615780813.6635203,0.0
1615780813.6655164,-0.0
1615780813.6686578,-0.0
1615780813.6712792,0.0
1615780813.6742709,-0.0
1615780813.676267,0.0
1615780813.6792564,-0.0
1615780813.6822958,0.0
1615780813.684725,0.0
1615780813.6877162,-0.0
1615780813.6907089,0.0
1615780813.6927037,-0.0
1615780813.6956952,-0.0
1615780813.698687,-0.0
1615780813.7014177,0.0
1615780813.7034347,-0.0
1615780813.7064042,0.0
1615780813.7093973,-0.0
1615780813.7123988,-0.0
1615780813.7144103,-0.0
1615780813.7154694,0.0
1615780813.720268,0.0
1615780813.723259,-0.0
1615780813.7252817,-0.0
1615780813.7282624,-0.0
1615780813.731238,-0.0
1615780813.734067,-0.1
1615780813.7370603,-0.0
1615780813.7390535,-0.0
1615780813.7420459,-0.0
1615780813.7450385,-0.0
1615780813.7470615,-0.0
1615780813.749115,0.0
1615780813.753237,0.0
1615780813.7561452,-0.0
1615780813.7581646,-0.0
1615780813.7611318,0.0
1615780813.764135,0.0
1615780813.7662508,-0.0
1615780813.7691803,0.0
1615780813.7721527,-0.0
1615780813.7751443,-0.0
1615780813.7771618,0.0
1615780813.7801318,-0.0
1615780813.7831237,-0.0
1615780813.786116,-0.0
1615780813.7881374,-0.0
1615780813.7911022,-0.0
1615780813.7941065,-0.0
1615780813.797087,-0.0
1615780813.7990828,-0.0
1615780813.8020728,-0.0
1615780813.80507,-0.0
1615780813.8070853,-0.0
1615780813.810052,-0.1
1615780813.8130445,-0.0
1615780813.8153787,0.0
1615780813.8180244,-0.0
1615780813.821021,-0.0
1615780813.8239946,0.0
1615780813.8269866,-0.0
1615780813.8289826,-0.0
1615780813.8321202,0.0
1615780813.8347735,-0.0
1615780813.8377638,-0.0
1615780813.8397832,0.0
1615780813.8427541,-0.0
1615780813.845744,-0.0
1615780813.8487356,-0.0
1615780813.8511791,0.0
1615780813.8541822,-0.0
1615780813.8571627,0.0
1615780813.859158,-0.0
1615780813.86215,-0.0
1615780813.865141,-0.0
1615780813.8671353,-0.0
1615780813.87013,0.0
1615780813.8731196,0.0
1615780813.876112,-0.0
1615780813.8781302,-0.0
1615780813.8810985,-0.0
1615780813.8821948,-0.0
1615780813.8865113,-0.0
1615780813.8895059,-0.0
1615780813.8924978,-0.0
1615780813.8945167,-0.0
1615780813.8974657,-0.0
1615780813.9004588,0.0
1615780813.90345,-0.1
1615780813.9054725,-0.0
1615780813.9084435,-0.0
1615780813.9114285,-0.0
1615780813.9134507,-0.0
1615780813.9164808,0.0
1615780813.9190633,-0.0
1615780813.922055,0.0
1615780813.9250462,-0.0
1615780813.9270685,-0.0
1615780813.9300764,-0.0
1615780813.9320722,-0.0
1615780813.935815,-0.0
1615780813.9388072,-0.0
1615780813.940802,-0.0
1615780813.9437938,-0.0
1615780813.9460661,-0.0
1615780813.9490607,-0.0
1615780813.9520535,-0.0
1615780813.9550455,0.0
1615780813.9570408,-0.0
1615780813.9600306,-0.0
1615780813.9627917,0.0
1615780813.9657834,0.0
1615780813.9687765,-0.0
1615780813.9707694,-0.0
1615780813.9737616,-0.0
1615780813.9767537,-0.0
1615780813.9787815,-0.0
1615780813.9817646,-0.0
1615780813.9847434,-0.0
1615780813.987732,-0.0
1615780813.9897208,0.0
1615780813.9927123,-0.0
1615780813.995703,-0.0
1615780813.9986951,0.0
1615780814.0015037,-0.0
1615780814.003524,0.0
1615780814.006499,0.0
1615780814.0094807,0.0
1615780814.0115037,-0.0
1615780814.014469,-0.0
1615780814.0171804,-0.0
1615780814.0201745,-0.0
1615780814.0231643,-0.0
1615780814.0251606,-0.0
1615780814.0281518,-0.0
1615780814.0311432,0.0
1615780814.034137,-0.0
1615780814.0361314,0.0
1615780814.039123,-0.0
1615780814.0421135,-0.0
1615780814.0451062,0.0
1615780814.0471306,0.0
1615780814.050477,-0.0
1615780814.0525012,-0.0
1615780814.0554645,-0.0
1615780814.0584567,0.0
1615780814.0614479,-0.0
1615780814.06338,-0.0
1615780814.065471,-0.0
1615780814.0690804,-0.0
1615780814.0720723,0.0
1615780814.0750906,-0.1
1615780814.077089,-0.0
1615780814.080067,0.0
1615780814.0821438,-0.0
1615780814.0857816,0.0
1615780814.0877626,0.0
1615780814.0907762,0.0
1615780814.0937474,0.0
1615780814.0967393,-0.0
1615780814.098735,0.0
1615780814.1013525,-0.0
1615780814.1043441,-0.1
1615780814.1073349,-0.0
1615780814.1103263,0.0
1615780814.112351,0.0
1615780814.1153133,-0.0
1615780814.1180878,0.0
1615780814.121068,-0.0
1615780814.124059,-0.0
1615780814.126081,-0.0
1615780814.129046,-0.0
1615780814.1320379,-0.0
1615780814.1347318,-0.0
1615780814.137718,-0.0
1615780814.1397362,-0.0
1615780814.1427045,-0.0
1615780814.1456974,-0.0
1615780814.1476922,-0.0
1615780814.151424,0.0
1615780814.153419,-0.0
1615780814.156411,0.0
1615780814.1594028,0.0
1615780814.1614244,-0.0
1615780814.1644166,0.0
1615780814.1671705,-0.0
1615780814.1701636,0.0
1615780814.1721854,-0.0
1615780814.1751828,-0.0
1615780814.1781514,0.0
1615780814.1811464,-0.0
1615780814.1837301,-0.0
1615780814.1867356,0.0
1615780814.1887412,-0.0
1615780814.1917093,-0.0
1615780814.1947012,0.0
1615780814.1969416,-0.0
1615780814.2004914,-0.0
1615780814.202518,0.0
1615780814.2054775,0.0
1615780814.2084694,-0.0
1615780814.2104967,0.0
1615780814.2134576,-0.0
1615780814.215504,-0.0
1615780814.2191653,-0.0
1615780814.2221568,-0.0
1615780814.2241824,-0.0
1615780814.2271438,-0.0
1615780814.230137,0.0
1615780814.2331996,-0.0
1615780814.2358127,0.0
1615780814.2378068,0.0
1615780814.240798,-0.0
1615780814.2437954,-0.0
1615780814.246795,0.0
1615780814.248823,-0.0
1615780814.251647,-0.0
1615780814.2546372,-0.0
1615780814.25763,-0.0
1615780814.2596247,-0.0
1615780814.2626169,-0.0
1615780814.2656076,-0.0
1615780814.268188,-0.0
1615780814.271171,-0.0
1615780814.273194,-0.0
1615780814.2761595,-0.0
1615780814.2791505,-0.0
1615780814.282143,-0.0
1615780814.2847912,-0.0
1615780814.2867844,-0.0
1615780814.2897763,-0.0
1615780814.2927685,-0.0
1615780814.2957597,-0.0
1615780814.2977831,-0.0
1615780814.3004253,0.0
1615780814.3034265,-0.0
1615780814.3064084,-0.0
1615780814.3094003,-0.0
1615780814.3114238,-0.0
1615780814.314387,-0.0
1615780814.3170698,0.0
1615780814.320062,0.0
1615780814.323054,0.0
1615780814.3250492,-0.0
1615780814.3280501,-0.0
1615780814.3310347,-0.0
1615780814.333766,-0.1
1615780814.336758,-0.0
1615780814.3387535,-0.0
1615780814.3417444,-0.0
1615780814.3447373,-0.0
1615780814.3503356,0.0
1615780814.3503356,-0.0
1615780814.3533275,-0.0
1615780814.3553224,-0.0
1615780814.3583205,0.0
1615780814.3603384,0.0
1615780814.3633008,-0.0
1615780814.3663583,-0.0
1615780814.369064,-0.0
1615780814.3720555,0.0
1615780814.3740811,-0.0
1615780814.377065,-0.0
1615780814.3800428,-0.1
1615780814.3831165,-0.0
1615780814.38581,-0.0
1615780814.3878307,-0.0
1615780814.390794,-0.0
1615780814.3937871,-0.0
1615780814.3957813,-0.0
1615780814.3988612,-0.0
1615780814.4014788,0.0
1615780814.404469,-0.0
1615780814.407465,-0.0
1615780814.409456,-0.0
1615780814.4124787,-0.0
1615780814.41544,0.0
1615780814.4180686,-0.0
1615780814.4210598,-0.0
1615780814.4240656,-0.0
1615780814.4260461,0.0
1615780814.42904,-0.0
1615780814.432032,-0.0
1615780814.4346697,-0.0
1615780814.4366648,-0.0
1615780814.4396837,-0.0
1615780814.4426475,0.0
1615780814.4456387,-0.0
1615780814.4496787,-0.0
1615780814.4522738,-0.0
1615780814.4562716,-0.0
1615780814.4562716,-0.0
1615780814.4592543,-0.0
1615780814.4612498,0.0
1615780814.4642417,0.0
1615780814.4671361,-0.0
1615780814.470129,-0.0
1615780814.4721568,0.0
1615780814.4751153,0.0
1615780814.4781196,-0.0
1615780814.4810984,-0.0
1615780814.4839008,0.0
1615780814.4858954,0.0
1615780814.488887,-0.0
1615780814.491879,-0.0
1615780814.493873,-0.0
1615780814.4968927,0.0
1615780814.4989092,-0.0
1615780814.5025058,-0.0
1615780814.505502,0.0
1615780814.508489,-0.0
1615780814.5104854,-0.0
1615780814.5134795,-0.0
1615780814.5155222,-0.0
1615780814.5192559,0.0
1615780814.52125,0.0
1615780814.5242414,-0.0
1615780814.5272338,-0.0
1615780814.5302238,-0.1
1615780814.5322487,0.0
1615780814.5357296,-0.0
1615780814.5377526,-0.0
1615780814.5407178,-0.0
1615780814.5437093,-0.1
1615780814.5457282,0.0
1615780814.5486958,-0.0
1615780814.5515018,-0.0
1615780814.5544424,0.0
1615780814.5574348,0.0
1615780814.5594292,-0.0
1615780814.5624576,0.0
1615780814.5654132,-0.0
1615780814.568172,0.0
1615780814.571163,-0.0
1615780814.5731866,-0.0
1615780814.5761497,0.0
1615780814.5791423,-0.0
1615780814.5811644,-0.0
1615780814.5847483,-0.0
1615780814.5867553,0.0
1615780814.589735,0.0
1615780814.5927272,-0.0
1615780814.5950294,0.0
1615780814.597994,0.0
1615780814.600992,-0.0
1615780814.603009,0.0
1615780814.606006,-0.0
1615780814.609007,-0.0
1615780814.6119566,-0.0
1615780814.6139786,0.0
1615780814.6171758,0.0
1615780814.620169,-0.0
1615780814.6221635,-0.0
1615780814.6251552,0.0
1615780814.6282616,-0.0
1615780814.6302843,0.0
1615780814.6338003,-0.0
1615780814.635793,-0.0
1615780814.6387854,-0.0
1615780814.6417775,-0.0
1615780814.6437726,-0.0
1615780814.6467726,-0.0
1615780814.6488144,-0.0
1615780814.6525784,0.0
1615780814.6555688,-0.0
1615780814.6575637,-0.0
1615780814.6605558,0.0
1615780814.6635485,-0.1
1615780814.6655421,-0.0
1615780814.6691308,-0.0
1615780814.6711257,0.0
1615780814.674116,-0.0
1615780814.6771207,-0.0
1615780814.6800992,-0.0
1615780814.681955,-0.0
